---
name: DemoRecordingExplanation
created_at: 2015-09-25 10:54:58.000000000 Z
updated_at: 2015-09-25 10:54:58.000000000 Z
guid: 82b8f37f-f343-98ee-df47-3b98741eb85b
