---
name: DemoDoingSomethingElse
created_at: 2015-09-25 10:56:53.000000000 Z
updated_at: 2015-09-25 10:56:53.000000000 Z
guid: 61fbcb2e-3a67-b95a-94d4-6ecb5ffdaa81
