---
name: DemoMenuInvalid
created_at: 2015-09-25 10:53:02.000000000 Z
updated_at: 2015-09-25 10:53:02.000000000 Z
guid: 050b28a8-4b85-8534-97ea-253804114ec6
