---
name: DemoInputInvalid
created_at: 2015-09-25 10:48:18.000000000 Z
updated_at: 2015-09-25 10:48:18.000000000 Z
guid: 8729a1f5-d7fb-ba6d-cf87-71a69a275a72
