---
name: DemoPlayAMessage
created_at: 2015-09-25 10:56:10.000000000 Z
updated_at: 2015-09-25 10:56:10.000000000 Z
guid: 0a69cfd7-8819-f489-cd16-60751a8c60ab
