---
name: DemoMenuOptions
created_at: 2015-09-25 10:52:44.000000000 Z
updated_at: 2015-09-25 10:52:44.000000000 Z
guid: 0aafa5c2-5b05-2e25-1799-4ebf4ea3207d
