---
name: Invalid Option
created_at: 2017-02-22 12:24:24.000000000 Z
updated_at: 2017-02-22 12:24:24.000000000 Z
guid: 0e3593d7-c30c-39f1-10ca-ab227e47cd15
