---
name: Record Message after beep
created_at: 2017-02-22 12:32:54.000000000 Z
updated_at: 2017-02-22 12:32:54.000000000 Z
guid: 489a1ea5-93d4-3657-3130-147b5ccb73bb
