---
name: Playing Old Messages
created_at: 2017-02-22 12:25:51.000000000 Z
updated_at: 2017-02-22 12:25:51.000000000 Z
guid: 35948996-7295-b5f6-adde-45961e8bcd58
