---
name: MenuExplanation
created_at: 2017-02-22 12:23:37.000000000 Z
updated_at: 2017-02-22 12:23:37.000000000 Z
guid: 397b08e6-45a2-1fb5-967e-0d3ce1b4c777
