---
name: ThankYouRecorded
created_at: 2017-02-22 12:33:23.000000000 Z
updated_at: 2017-02-22 12:33:23.000000000 Z
guid: 442b4217-b83f-0e47-966a-5853eb0d3c90
